%YAML:1.0
cvHOGClassifier: !!opencv-object-detector-hog
   winSize: [ 64, 64 ]
   blockSize: [ 16, 16 ]
   blockStride: [ 8, 8 ]
   cellSize: [ 8, 8 ]
   nbins: 9
   derivAperture: 1
   winSigma: 4.
   histogramNormType: 0
   L2HysThreshold: 2.0000000000000001e-01
   gammaCorrection: 1
   nlevels: 64
   signedGradient: 0
   SVMDetector: [ -6.18478358e-02, -5.29500991e-02, -6.25207350e-02,
       -2.10386626e-02, 3.74110341e-02, 1.33404750e-02, 6.40863972e-03,
       -1.55099444e-02, -2.38650776e-02, -3.29749025e-02,
       -2.15662783e-03, -8.22586752e-03, -3.42126340e-02,
       -1.70885539e-03, 2.96927541e-02, 2.27071997e-02, -4.16237628e-03,
       -2.13701222e-02, -4.37020734e-02, -3.33142839e-02,
       -2.48881672e-02, -3.00284266e-03, 3.30095105e-02, 1.83858275e-02,
       1.48791792e-02, -1.32490816e-02, -2.17437334e-02, -8.49685457e-04,
       5.49987741e-02, 6.67812005e-02, 3.81763205e-02, 5.13756881e-03,
       2.84507256e-02, -3.92079074e-03, -1.09801954e-02, -5.40054264e-03,
       -4.56420705e-03, 5.10904938e-02, 5.29631879e-03, -3.18460986e-02,
       -1.77749563e-02, 3.41624254e-03, -3.70287313e-03, -1.06751695e-02,
       -9.85473860e-03, 2.52928566e-02, 6.86404705e-02, 1.00579644e-02,
       -2.52292380e-02, -1.61375478e-02, -9.86444857e-03,
       -4.96127084e-02, -3.80783156e-02, -3.47078405e-02,
       -1.29428525e-02, 5.42160831e-02, 5.38618788e-02, -1.47792874e-02,
       -1.45860547e-02, -8.90461728e-03, -2.53219251e-02,
       -1.21701201e-02, -1.94081049e-02, -1.45284366e-02, 2.72431970e-02,
       1.70522742e-02, -6.05011708e-04, -2.00284403e-02, 2.07984308e-03,
       -3.47239189e-02, -2.19720490e-02, -4.26532105e-02, 1.92643590e-02,
       3.91155630e-02, -3.88926864e-02, -2.53707170e-02, 2.16596685e-02,
       -2.01358038e-04, -4.90658656e-02, -2.94909701e-02,
       -3.53375860e-02, 1.95803400e-02, 2.81752087e-02, -2.81211883e-02,
       -1.39949294e-02, 9.26747266e-03, -1.10240676e-03, -2.90096309e-02,
       -2.33839136e-02, -1.33509347e-02, -1.16427559e-02, 7.33245490e-03,
       -1.85147040e-02, 4.25700285e-03, 2.64734756e-02, 4.34922017e-02,
       -1.73825454e-02, -1.39743015e-02, -3.00969165e-02, 1.40679311e-02,
       -3.77633469e-03, -1.51241105e-02, 6.05515903e-04, 2.57194638e-02,
       3.70091014e-02, -1.15057817e-02, -2.59804577e-02, -3.03738061e-02,
       2.93133091e-02, -5.10555459e-03, -1.09573007e-02, 2.84891902e-03,
       1.88993360e-03, 6.10398082e-03, -3.11256610e-02, -2.89681610e-02,
       1.45875588e-02, 6.65433053e-03, -3.93352173e-02, -2.60080565e-02,
       2.81814635e-02, -2.45528249e-03, 1.20132626e-03, -3.51468511e-02,
       -4.84580081e-03, 5.98609261e-03, 8.93834978e-03, -1.30251423e-02,
       -1.13745304e-02, 1.40792020e-02, 2.88403314e-02, 4.66940403e-02,
       -3.30240605e-03, -1.39994510e-02, 3.18606058e-03, -1.92200225e-02,
       -4.22130264e-02, -1.98855419e-02, 2.84116529e-02, 1.17801530e-02,
       9.73744504e-03, -2.67176479e-02, -1.31107168e-02, -5.66524640e-03,
       -2.40499619e-02, -3.29254791e-02, -2.20366474e-02, 4.67071347e-02,
       1.57270692e-02, 8.36722320e-04, -1.92295201e-02, 5.05049191e-02,
       4.52337675e-02, -2.45350543e-02, -1.71521548e-02, -1.08441133e-02,
       3.12124863e-02, -3.61016183e-03, -2.58665793e-02, 2.77342871e-02,
       7.17635825e-02, 3.00177187e-02, -1.65054053e-02, -3.17025892e-02,
       -1.82564966e-02, 2.63415333e-02, 1.10241147e-02, 2.46698279e-02,
       -1.66008677e-02, 2.35931072e-02, 1.76098682e-02, -2.51092780e-02,
       -2.22780332e-02, -1.42978141e-02, 2.03748271e-02, -1.47541920e-02,
       3.88605008e-03, 1.79643407e-02, 2.72103641e-02, 1.10918134e-02,
       -3.58531438e-02, -1.47481905e-02, 1.15672536e-02, 2.34053247e-02,
       -2.41361074e-02, -1.46818953e-02, 4.87173833e-02, 7.29477331e-02,
       1.13029429e-03, -1.94272622e-02, -5.62934205e-03, 2.89505534e-02,
       3.79851088e-02, -1.14728305e-02, 9.81353223e-03, 3.51156928e-02,
       4.49696258e-02, -1.77366231e-02, -1.26460623e-02, -1.86383780e-02,
       -3.67216324e-03, 3.33247520e-02, -2.32423302e-02, 1.78754590e-02,
       6.09913692e-02, 4.83954921e-02, 6.91274181e-03, 5.18907327e-03,
       2.49595637e-03, 1.54003445e-02, 2.14768499e-02, -1.10972244e-02,
       2.41699610e-02, 7.94937834e-02, 6.47199377e-02, 1.83877721e-02,
       2.80918693e-03, 1.66541077e-02, 2.08854619e-02, 4.34582047e-02,
       7.77429994e-03, 1.45672476e-02, 1.02928253e-02, 2.70239227e-02,
       -4.31316812e-03, 6.33185823e-03, 2.36837901e-02, 1.91491228e-02,
       5.45686185e-02, 9.51806176e-03, 6.00161403e-03, -5.91032626e-03,
       -6.16290141e-03, -2.18154490e-03, 2.28262004e-02, 2.29853485e-02,
       2.08847411e-02, 3.49283852e-02, -3.28819267e-03, 4.13856022e-02,
       6.68519959e-02, 6.05926812e-02, 1.88420508e-02, 2.69963071e-02,
       2.80610975e-02, 3.43773030e-02, 5.36912456e-02, -1.05109261e-02,
       1.06019620e-02, 4.84710000e-02, 1.16274515e-02, 3.58046368e-02,
       -5.45640960e-02, -3.78492102e-02, -1.26463464e-02,
       -1.00020114e-02, -2.96353176e-02, 6.31504413e-03, -9.89988260e-03,
       -1.43884839e-02, -2.05053203e-02, -3.60992178e-02, 7.10967416e-03,
       3.88303362e-02, 2.83533777e-03, -3.02431751e-02, -1.23399301e-02,
       -2.58370638e-02, -1.25146024e-02, -1.00555709e-02,
       -2.36077718e-02, -3.12919319e-02, 3.92548516e-02, 3.85218114e-02,
       -3.34220640e-02, -1.05726300e-02, -1.84159856e-02,
       -1.56300962e-02, 8.12598271e-04, -1.03460113e-02, 8.94861482e-03,
       5.84419891e-02, 4.14842516e-02, -1.59198008e-02, 3.79264005e-04,
       -1.17808515e-02, -5.95535245e-03, 2.88802921e-03, -2.62953490e-02,
       1.54371858e-02, 5.32702580e-02, 1.55667518e-03, -3.00669745e-02,
       -6.21268759e-03, -1.79319661e-02, -4.20554029e-03,
       -1.49541069e-02, -4.29740734e-02, 5.98557061e-03, 7.93466996e-03,
       -2.45001577e-02, -2.84473877e-02, -3.37343104e-03,
       -1.84547193e-02, -1.99061763e-02, -3.30148526e-02,
       -1.87266264e-02, 4.72828001e-03, 3.55307125e-02, 6.22821506e-03,
       -2.60412768e-02, -8.00832815e-04, -1.27922362e-02,
       -1.56402644e-02, -2.03418918e-02, -4.65747528e-02, 1.20038884e-02,
       7.78328814e-03, -9.47732572e-03, -2.55723502e-02, 7.35267671e-03,
       -2.69996803e-02, -2.35636253e-02, -3.72524299e-02,
       -2.85026785e-02, -1.18534919e-02, -1.42070036e-02,
       -2.12259404e-02, -1.01653775e-02, 1.73958372e-02, -5.38892578e-03,
       -1.64626278e-02, -2.07410846e-02, 1.08093303e-02, -2.05102973e-02,
       -3.56859863e-02, -1.53284371e-02, 1.04002627e-02, 2.35453825e-02,
       -4.73040948e-03, -2.10977606e-02, -2.34302804e-02,
       -1.88717153e-02, 4.18814644e-02, 1.77016240e-02, -1.21673737e-02,
       -5.96237322e-03, 1.54691618e-02, -5.09466836e-03, -8.98872409e-03,
       -1.50769297e-02, 4.52621505e-02, 4.59718965e-02, 1.60303991e-02,
       -5.19768707e-03, 5.88856451e-03, 2.65912171e-02, -3.00645083e-03,
       -2.47483654e-03, 1.84295059e-03, 7.56599754e-03, -1.96267292e-02,
       -3.13842557e-02, -9.33247712e-03, 2.97929230e-03, -6.54601073e-03,
       -3.23981270e-02, -2.39160694e-02, -9.36223101e-03,
       -3.92999500e-02, -4.93010879e-02, -3.50815244e-02,
       -1.51689872e-02, -1.54511929e-02, -1.40133351e-02,
       -2.41758060e-02, -1.53691359e-02, -1.27551109e-02, 5.78148365e-02,
       4.40341197e-02, 5.35296975e-03, 6.46584341e-03, 3.91234178e-03,
       2.87024118e-02, 4.95050708e-03, 2.19101254e-02, 6.12619147e-02,
       3.94894928e-02, 8.51757545e-03, -7.28369411e-03, -3.57286748e-03,
       -1.33486548e-02, 3.74585832e-03, 4.25816104e-02, 6.62962049e-02,
       6.99172765e-02, -2.98403632e-02, -3.59510668e-02, -2.55631059e-02,
       -4.29090438e-03, -2.36947206e-03, 3.15631251e-03, -4.61488357e-03,
       1.07590826e-02, 6.61086105e-03, -3.39852124e-02, -3.90629657e-02,
       -4.78783902e-03, 1.16153210e-02, -2.08161511e-02, -1.20820552e-02,
       1.17354775e-02, -2.27151485e-03, -7.09050847e-03, -4.69426392e-03,
